001   10.376   -1.991
002   93.439   -0.134
003   71.862    2.601
004   40.147   -0.636
005   66.281   -1.935
006   73.429    1.235
007    0.950    4.067
008   10.977   -0.878
009   49.557   -0.886
010   33.009    1.452
011   23.094   -2.681
012    4.541    1.110
013   93.121    0.908
014    6.775   -0.745
015   59.319    3.570
016   58.329   -1.591
017   20.507    4.443
018   10.658   -3.195
019   52.622    0.306
020   39.126   -4.903
021   22.233   -2.530
022   79.506    2.704
023   92.854   -4.370
024   20.457   -0.260
025   57.123    1.042
026   12.751    3.812
027   51.952   -4.672
028   72.329   -0.648
029   79.860    4.908
030   32.989   -3.571
031   64.455    2.535
032   42.593    1.108
033   17.099    3.826
034   17.847    2.672
035    1.151   -1.669
036   66.303   -2.964
037   96.931   -3.113
038    4.515    3.907
039   16.506    1.674
040   59.004   -1.719
041   43.898   -0.088
042   27.832   -3.722
043   58.623   -2.086
044   53.528    2.435
045    2.475   -3.501
046    7.110   -0.040
047   63.319    1.046
048   26.780    0.211
049   59.100    4.238
050   48.638   -4.159
051   59.541    4.178
052   71.224    3.962
053   18.387   -1.313
054   41.330   -1.732
055   26.615    1.952
056   87.106   -2.601
057   64.068    1.037
058   76.853    1.930
059   73.959    1.213
060   11.138    0.449
061   29.270   -1.261
062   29.458   -2.046
063   66.957   -3.184
064    5.212   -4.702
065   16.443    2.410
066   25.708    4.028
067   20.669   -0.431
068   73.083    4.615
069   32.961    0.830
070   17.239   -0.156
071   96.819    4.070
072   85.254   -1.429
073   97.644    4.123
074   53.926    1.307
075   63.668   -4.643
076   66.910    2.434
077   58.673   -1.397
078   24.092   -1.869
079   17.322    2.101
080   74.484   -3.215
081   14.790    4.422
082   58.584   -2.041
083   26.792    3.466
084   22.312    0.091
085   76.444    4.824
086    1.115   -1.947
087    4.558   -1.444
088    3.690    0.095
089    9.486   -1.471
090   81.379   -1.799
091   95.118    0.954
092   94.134   -2.582
093    7.595    4.320
094   85.068    1.639
095   45.968   -1.804
096   93.027    1.392
097   72.851   -3.361
098   81.728    4.116
099   46.156    1.036
100   50.402   -1.599
101    8.114   -2.347
102   33.853    1.719
103   65.456    2.536
104   55.157    1.371
105   87.494    3.122
106    3.170    3.011
107   58.946    3.139
108   59.317    0.344
109   69.016    4.884
110   98.572   -0.768
111   58.397    3.121
112   71.439    3.229
113   63.381   -1.829
114    8.896    0.426
115   74.261   -2.322
116   23.239   -1.840
117   72.596    2.912
118   30.213    3.613
119   84.245   -2.938
120   40.341    2.601
