001   48.311    4.022
002   53.746    3.761
003   57.316    4.945
004   35.745    1.617
005   48.829    0.726
006   32.388    3.072
007   80.873    1.609
008   58.026   -4.559
009   77.256   -1.598
010    9.506   -2.679
011   29.508   -3.772
012   47.347    3.739
013   59.430   -1.067
014   35.626    3.443
015   71.378    0.416
016   26.577    4.304
017   66.470    3.481
018   27.430    0.988
019   45.694   -1.679
020   81.263    0.965
021   99.479    3.287
022    1.838    1.101
023   28.754    2.987
024   81.745   -3.106
025   92.510    0.373
026   83.653    1.317
027   15.184    0.282
028   45.835   -4.577
029   12.581   -4.342
030   89.742   -0.273
031   19.004   -1.575
032   22.497   -2.066
033   37.537   -0.400
034   47.949    4.586
035    3.254   -0.652
036   24.880    4.341
037   35.771   -2.761
038   86.719   -2.949
039   59.927    1.787
040   93.756   -1.109
041   62.888   -1.330
042    4.690    3.491
043   89.017    4.162
044   11.310    2.775
045    3.096   -4.603
046   72.913    1.541
047   59.907    4.801
048   37.685    1.271
049   82.421   -0.284
050   43.095    3.701
051   32.794    1.870
052   17.708    2.151
053   82.042   -1.894
054   72.311    4.878
055   55.129   -4.245
056   52.184    3.883
057   59.909   -3.446
058   64.200   -1.772
059   92.892   -3.880
060   80.713   -2.342
061   64.559    1.772
062    8.402   -2.386
063   69.312    1.204
064   42.856   -1.018
065   53.197    3.410
066    6.738    1.471
067   38.220    1.463
068    0.245    0.430
069   39.008   -4.188
070    4.383   -1.651
071   48.404   -0.466
072   63.730    1.223
073   67.758    3.892
074   87.929   -3.947
075   68.938   -3.803
076   83.250    4.955
077   58.085   -1.752
078   59.190    0.674
079   82.811   -3.456
080   57.700   -0.656
081   19.506   -1.076
082   53.528   -1.689
083   84.495    1.916
084   99.968    4.268
085   41.967    3.885
086   39.738   -1.567
087   66.407   -3.616
088    7.438    4.459
089   21.398    0.481
090   45.960    0.536
091   86.126    3.593
092   18.960   -4.768
093   52.048    0.836
094   67.867    2.748
095   96.006   -0.796
096   40.759   -3.020
097   74.503   -4.866
098   22.377   -0.141
099   10.065   -3.774
100   57.955    1.933
101   60.798    0.396
102   94.716   -4.909
103   54.053   -2.143
104   84.904   -2.553
105   34.650    1.963
106    0.632   -4.619
107   14.491    2.044
108   63.651   -0.698
109    6.175    0.285
110   16.709   -0.123
111   85.240    0.935
112   98.472    3.392
113   93.758    1.211
114   97.814    0.443
115   73.763   -2.401
116   88.143   -0.663
117   99.381    2.317
118   46.414    0.160
119   57.765   -2.100
120   92.639   -2.371
