001   36.692   -4.692
002   17.748   -0.579
003   78.387   -0.573
004   50.531   -3.216
005   46.528   -2.034
006   79.618   -1.201
007   61.748   -3.871
008   21.193   -0.699
009   56.909   -0.225
010    1.946    3.392
011   82.796    0.353
012   68.388    0.302
013   16.537    2.166
014    9.652    4.349
015   23.393    3.676
016   96.234   -3.692
017   71.164   -4.090
018   41.098   -2.460
019   18.722    0.124
020   85.346   -0.298
021    5.537   -3.342
022   13.339   -3.550
023   15.145   -3.104
024   52.970   -2.415
025   18.949    3.923
026    3.720   -0.497
027    6.823   -2.990
028   30.871   -3.640
029   48.572   -0.570
030   30.188   -1.585
031   33.562   -0.529
032   76.477   -3.977
033   97.818    2.722
034   62.966   -4.215
035   15.406   -2.966
036    3.867    4.899
037   57.063   -0.889
038   52.714    2.908
039   23.127   -1.874
040   31.680   -0.545
041   14.028   -0.527
042   83.731    2.628
043   48.154   -3.343
044   15.215    3.885
045   32.123    4.638
046   24.470   -1.400
047   95.124   -2.171
048   10.959    1.202
049   39.387    0.811
050   31.892   -4.505
051   80.070    2.084
052   29.601    1.450
053    2.203    0.933
054   51.630   -0.859
055   91.262    4.812
056   71.258   -3.171
057   25.084    2.340
058   37.159    0.945
059   32.113    3.116
060   24.751   -3.720
061   59.880    3.201
062   73.474   -4.253
063   76.402    3.777
064   77.123   -0.018
065   54.044    3.396
066   62.881    0.918
067   37.309   -4.473
068   27.847    3.302
069   67.020    3.840
070   34.983   -0.683
071   86.357   -1.270
072   50.597    2.370
073   86.935   -4.902
074   12.284   -1.310
075   24.606   -4.646
076   76.971   -0.105
077   94.314    4.552
078   27.049    4.730
079    9.627   -2.387
080   31.867    3.133
081   44.349    3.246
082    8.910   -0.612
083   84.498    0.435
084   71.765    3.261
085    6.488   -2.226
086   68.486   -3.560
087   74.131   -4.263
088   39.330    0.911
089   88.232   -1.172
090   29.558   -0.476
091   12.012   -4.949
092   85.913    4.804
093   32.676   -2.818
094    0.626   -3.189
095   21.644   -4.392
096   34.177   -1.158
097   57.088   -3.462
098   17.469   -1.721
099   31.117    1.284
100   48.455    0.202
101   31.385   -0.646
102    9.703   -3.471
103   88.775    3.829
104   28.979    3.465
105   39.939   -4.841
106   74.337   -4.377
107   47.018    2.195
108   49.197   -2.629
109   60.915    2.026
110   91.945   -4.422
111   45.303   -3.208
112   96.318    2.174
113   44.827    1.535
114   41.533    4.687
115   51.954   -2.624
116   80.494    0.110
117   49.901    1.422
118   86.209    2.900
119   28.105    1.654
120   76.696    1.505
