001   36.483   -1.096
002   34.870    0.603
003   64.322    1.538
004   34.855   -0.072
005   46.855    4.081
006   47.733    0.083
007   60.989    0.762
008   18.031    0.867
009   32.517   -1.384
010   87.973   -1.677
011   29.236    1.150
012   81.263    2.427
013   64.463   -3.165
014   23.417    0.810
015   34.556    2.648
016   13.714   -1.641
017   81.160   -1.235
018   86.390    0.408
019   84.415    0.840
020   76.164   -3.017
021   57.751   -4.084
022    7.380    4.490
023   39.020    0.176
024   43.589   -3.373
025   17.147   -3.319
026   74.698   -4.719
027   90.113   -1.033
028   98.495   -0.214
029   80.699   -4.144
030   46.856    2.966
031   92.715   -0.256
032   94.388   -4.533
033   41.767   -1.968
034   43.728    2.070
035   17.721   -4.609
036   84.473   -0.247
037   50.588   -2.876
038   31.640   -2.275
039   98.391   -0.098
040   75.190   -0.340
041   13.400    0.121
042   60.097    1.543
043   81.486    1.430
044    5.560   -3.996
045   67.362   -0.639
046   67.936    1.553
047   64.314   -3.006
048   78.293    1.403
049   87.820   -3.715
050   80.766    1.545
051   27.397    3.770
052   32.383    0.412
053   92.589   -1.536
054   19.795   -3.421
055   62.385   -4.103
056    5.516   -0.963
057   38.232    2.908
058   63.419    0.190
059   53.127   -1.613
060   60.459   -4.316
061   88.842   -0.269
062   83.117   -4.984
063   74.180   -4.270
064   78.976   -4.550
065   49.149   -0.596
066   70.185   -1.552
067    1.325   -4.989
068   95.194   -2.278
069   15.522    0.540
070   38.172    3.208
071   60.938   -4.514
072   22.788    2.727
073   45.167   -2.188
074   78.535    1.301
075    3.133   -2.074
076   47.821   -1.103
077   51.147    0.487
078   76.474   -0.207
079    3.479    2.681
080   57.871    3.275
081   36.713   -3.074
082   57.671   -4.336
083    2.267    0.711
084   65.927    0.265
085   67.380    0.547
086    2.728    4.877
087   19.878   -2.069
088   23.156   -3.144
089    9.058   -0.104
090   75.446    2.652
091    0.111    3.143
092   71.220   -3.582
093   83.734    4.340
094   94.900    1.149
095   23.129   -4.251
096   11.532    2.554
097   44.748   -1.938
098    7.628   -3.532
099    2.451   -3.910
100   27.050    2.907
101   65.772    0.546
102   80.080    0.440
103   63.736   -3.918
104   20.518    2.078
105    6.103    1.620
106   85.307   -2.571
107   73.359   -0.502
108    6.101   -0.468
109   85.400   -4.518
110   16.520    0.888
111   71.038    2.676
112   74.059   -4.503
113   31.264    0.678
114   82.982    4.564
115   42.658    3.858
116   63.973   -2.654
117    5.818   -0.235
118   82.918    2.585
119   88.563   -3.786
120   35.218   -1.414
