001   49.734   -1.400
002   72.206   -0.533
003   45.336   -4.741
004   33.490   -0.245
005   45.132   -4.121
006   29.510   -1.614
007   90.210    2.173
008   89.862   -4.670
009   22.847    0.381
010    6.128   -2.706
011   55.982   -4.992
012   39.204   -4.687
013   24.057    3.954
014   38.666   -2.321
015   91.137    3.562
016   25.486   -0.728
017   19.719    2.645
018   45.421    2.701
019   75.450   -3.671
020   13.608    2.422
021   87.103   -3.188
022   85.816   -2.973
023   34.103    1.372
024   14.905    0.109
025   43.529   -4.024
026    5.942   -0.695
027   50.249    0.080
028    6.407   -0.683
029   97.740    2.084
030   32.366    1.948
031   39.597    0.702
032   12.738   -4.978
033   70.824   -0.389
034    4.872    4.996
035   62.738   -2.651
036   50.411    3.039
037   47.932    2.080
038    0.755    3.007
039   57.146   -1.446
040   41.095    3.741
041   94.202   -1.972
042   82.841   -1.695
043   53.455   -4.415
044   36.406   -0.081
045    5.274    4.082
046   75.901    4.043
047   50.585   -3.130
048   37.839   -4.305
049   50.670   -0.280
050   26.733    2.784
051   67.943    4.814
052   40.543    1.090
053   14.819   -1.108
054   71.336   -1.891
055   78.726    0.169
056   17.381   -3.995
057    6.248    1.090
058   25.462   -1.705
059   88.771   -4.645
060   47.411    1.759
061   22.420    4.657
062   88.783    1.402
063   18.390   -2.003
064   24.879   -2.599
065    7.567    3.561
066   75.866   -4.695
067   95.032    0.286
068   88.768   -1.838
069   80.880   -3.660
070   16.786    0.339
071   70.040   -1.036
072   82.200   -1.773
073   93.887   -0.632
074   84.499    2.206
075   18.180   -4.560
076   40.267    2.891
077   45.493    1.875
078   24.256    4.125
079   35.518   -2.944
080    7.166   -2.899
081   13.381   -3.333
082    0.139    0.849
083   85.022   -1.549
084   99.623    4.377
085   64.930   -1.770
086   94.831   -2.441
087   28.846    3.446
088   47.102    2.929
089   42.482    1.968
090   10.564   -1.160
091   93.974    3.649
092   57.402    0.352
093   97.742    3.924
094   36.418   -1.092
095   41.904   -0.691
096   90.046   -0.213
097   78.704    3.194
098   40.299   -0.985
099   44.555    3.992
100   93.915    3.459
101   58.729    0.268
102   99.249   -0.978
103   60.773    0.216
104   72.777   -0.230
105   80.522    4.170
106   76.716   -2.439
107   31.658   -1.007
108   91.489    2.356
109   88.645   -2.323
110   38.591   -4.275
111   58.445   -3.703
112   34.746   -1.252
113   16.538    0.426
114   68.766    2.479
115   50.000   -0.185
116   42.287   -1.913
117   20.414    2.395
118   80.480   -1.619
119   33.769   -1.521
120   86.672    1.339
