001   51.554   -2.607
002    3.489   -0.705
003   97.355    1.220
004   46.677    0.129
005   25.074    2.006
006   58.726   -3.974
007   86.091    2.521
008   72.435   -2.517
009   88.623   -1.307
010   33.111    2.765
011   24.554    4.204
012    5.476   -2.223
013   63.632   -1.439
014   42.253   -4.660
015   97.432    3.012
016   86.809   -3.239
017   58.544   -0.424
018   11.061   -2.949
019   51.991   -4.361
020    6.937    2.235
021   74.718    3.654
022   88.300   -3.773
023   21.410    4.297
024   59.336   -0.560
025   67.762    3.191
026   98.877    1.283
027   66.595   -4.782
028   72.607   -2.114
029    7.366    0.916
030   35.861    1.465
031    9.395   -0.580
032   54.669   -4.912
033   34.156    0.557
034   17.359    0.270
035   65.159   -4.383
036   16.783    0.625
037   41.987    2.289
038   23.862   -4.841
039   58.340   -4.588
040   76.938   -3.760
041   48.397   -0.800
042   13.547   -3.694
043   12.626   -2.561
044   37.784   -3.103
045   19.448    2.176
046   64.235   -1.135
047   70.520   -2.978
048   24.237   -3.224
049   77.032    1.954
050   26.522    2.031
051   38.067    4.537
052   47.889    0.958
053   12.400    0.477
054   23.035    4.672
055   97.110    4.345
056   15.208   -3.474
057   65.559   -4.950
058   80.126   -0.979
059   86.692    3.740
060   72.001    3.409
061   91.203    1.878
062   79.216    0.568
063   31.252    3.407
064   96.306    1.385
065   75.145   -3.461
066   41.316   -0.715
067   67.726   -2.130
068    3.953   -2.102
069   10.967    0.289
070   57.143    4.945
071   82.607   -3.484
072   65.719    4.129
073   23.480    4.910
074   31.878    4.224
075   88.496    3.314
076   16.095    0.336
077   43.314   -1.388
078    4.485   -0.149
079   96.559   -4.517
080   92.245    1.395
081   42.181   -2.018
082   44.735    1.402
083   10.737   -0.864
084   63.552   -0.580
085   56.565    2.948
086   91.742   -2.798
087   46.218   -3.973
088   13.590   -2.002
089   27.062    0.480
090   34.563    2.714
091   35.104    3.797
092   79.293   -4.881
093   41.341   -4.251
094   11.548    2.584
095   84.520    1.630
096   29.111   -1.991
097   16.561    2.354
098   90.374    4.057
099    0.963    1.400
100   52.553    4.593
101   54.077    1.445
102   19.536   -4.996
103    7.486   -2.088
104   22.248   -0.350
105   31.829    1.189
106   98.561    3.721
107   91.599   -2.583
108   73.891    3.280
109   31.005    2.263
110   80.089   -0.355
111   89.526   -1.357
112   20.694    0.084
113   14.005   -3.285
114   73.922   -4.288
115   53.569    3.700
116   11.144    1.718
117   75.280   -3.385
118   55.236   -3.300
119    5.846    0.880
120   97.464    4.985
