001   34.662   -2.714
002    1.239    4.308
003   32.251   -4.993
004   20.972    0.180
005   76.282   -1.910
006   15.113   -4.295
007   87.251   -1.925
008   27.286    4.838
009   73.851    2.691
010   73.478   -4.599
011   78.328    4.889
012   98.680   -4.084
013   61.698    4.027
014   79.854   -1.224
015   35.483   -0.965
016   52.490   -0.893
017   63.968    1.449
018   71.870   -0.393
019   94.724    0.481
020   52.124    4.975
021   83.472    0.920
022   52.812    4.947
023   38.073   -3.348
024   36.028   -4.191
025   83.952    4.614
026    8.576   -4.377
027   48.310    2.527
028   56.533   -3.569
029   90.274   -1.082
030    4.471   -0.425
031   44.418   -4.208
032   37.770   -2.513
033   31.414   -0.925
034   17.219   -1.118
035   75.924   -2.777
036   56.334   -4.361
037   49.154    1.493
038   35.924   -4.888
039   27.335    0.356
040   63.020   -3.698
041   25.996   -4.150
042   74.330   -3.177
043   94.896    3.673
044   27.838    2.795
045    5.243    0.238
046   76.759    0.343
047   14.354    2.088
048   63.290   -2.441
049   14.226    3.463
050    2.993    2.452
051   18.295    2.924
052   75.285   -2.471
053   35.631   -3.084
054   63.745    2.996
055   46.325    4.575
056   83.306    3.383
057   17.310    4.316
058   43.799   -3.666
059   77.032   -0.227
060   73.693    3.768
061   49.798   -4.014
062   28.860   -3.074
063   94.018   -3.307
064   81.696    3.223
065   62.516   -0.990
066    3.822   -1.333
067   20.580   -4.169
068   63.686   -3.075
069   45.751   -3.089
070   46.189    4.260
071   52.827    0.142
072   86.826   -4.105
073   43.086    1.694
074   54.622   -0.355
075   49.357   -4.443
076   69.658    2.173
077    3.540    2.974
078   38.513    0.217
079   70.516    3.958
080   14.332   -0.897
081   51.541   -0.371
082   85.527   -0.800
083   15.263   -2.027
084   30.159   -3.019
085    6.415   -4.654
086   84.493    3.369
087   45.142    4.484
088   64.773   -3.899
089   14.117   -4.060
090   71.410    1.706
091    1.624   -2.893
092   88.722    1.613
093   19.322    3.206
094    0.300   -3.290
095    7.277   -3.071
096   20.846    2.919
097   38.520    1.998
098   73.748    2.885
099   98.778    0.037
100   97.311    4.413
101   50.579   -4.096
102   28.977   -0.114
103   56.218    0.574
104   91.329    4.635
105    1.233    2.022
106    9.398    1.803
107   92.018   -3.351
108   45.612   -0.934
109   97.702    1.976
110   81.772   -0.661
111   41.469    0.139
112   99.345   -2.354
113    0.909    4.964
114   83.385    3.482
115   89.544    1.146
116   53.996    4.895
117   75.918   -1.419
118   12.994    1.536
119   71.879    0.659
120   36.861   -1.120
