001   79.665   -4.414
002   76.024    3.627
003    9.127    4.025
004   78.590   -0.933
005   37.447    1.490
006   40.092    0.721
007   60.779   -4.493
008   73.709    2.085
009   92.217    2.149
010   65.577    2.371
011   18.754    0.020
012   89.503    4.264
013    1.899    3.777
014   63.629   -0.934
015   12.958    3.627
016   25.380    0.929
017    7.528    0.565
018   39.201   -1.934
019   16.614   -4.645
020   87.341    1.078
021    0.566    0.794
022   76.650   -2.994
023   92.932    3.423
024   53.870    4.883
025   21.803   -4.615
026   37.032   -3.178
027   94.624   -3.849
028   35.292    3.632
029    4.123   -4.108
030   51.889   -1.406
031    2.138    1.706
032   84.150   -4.450
033   12.847   -3.787
034   47.496    1.501
035   26.467    3.284
036    9.633    4.001
037   22.421   -3.840
038   20.139    0.572
039   89.543   -3.922
040   61.102    0.286
041   47.512    2.847
042   25.197    4.012
043   33.015   -1.093
044   50.243    0.414
045   70.617    3.168
046   90.863   -3.738
047   18.406    2.685
048   78.408   -2.464
049   88.295    3.685
050    6.272   -3.855
051    9.538    3.656
052   86.921   -2.520
053   89.026   -2.990
054   46.696    0.294
055   57.586   -3.777
056    5.981    3.901
057   78.187    0.007
058   66.154    2.974
059    6.347   -2.591
060   71.737    1.483
061   44.292   -3.597
062    6.280   -2.198
063   61.680   -0.520
064   63.315    4.263
065   48.401   -2.430
066   89.314    4.640
067   46.633    4.063
068   43.639   -3.745
069   52.439    4.218
070   68.923   -2.867
071    9.744    4.616
072   64.496    0.999
073   72.150    3.950
074   77.160   -0.174
075   16.716   -3.424
076   54.236   -2.204
077   90.065   -1.097
078   84.514   -4.978
079   11.849    3.689
080   54.434   -1.967
081   60.220   -1.287
082   56.143    3.883
083   50.437    2.107
084   44.678   -1.007
085   59.431   -2.808
086   53.035    3.907
087   73.706   -1.472
088   12.408   -4.520
089   42.069   -2.969
090   42.257   -2.943
091   74.669   -3.805
092   66.100   -0.958
093   69.660    4.736
094   44.462   -4.370
095   44.783    3.923
096   47.088    1.164
097    4.634   -3.954
098    5.103    2.221
099   34.715    3.921
100   61.784   -4.306
101   99.182    0.928
102    3.317   -3.650
103   82.121    3.839
104   74.021   -3.305
105   32.743    1.044
106   89.468    1.750
107   53.040   -2.082
108   56.368   -0.969
109   26.466   -2.985
110    2.977   -0.262
111   80.802   -3.809
112   99.443    2.608
113   73.751   -1.805
114   77.292    0.946
115   49.322   -4.799
116    7.665    1.510
117    7.532    3.855
118    8.497    3.280
119   57.857    1.186
120   58.687   -4.757
