001   33.848   -3.552
002   20.823   -4.702
003   25.639    3.505
004   53.319   -3.016
005   15.287   -0.845
006   39.949    4.201
007   47.708    3.914
008   95.687   -0.160
009   36.058   -3.338
010   61.323    3.842
011   56.023   -3.739
012   63.787    0.428
013   22.556    2.286
014   99.800    3.448
015   95.328    4.011
016   90.985    0.110
017   22.549    0.033
018   36.552   -3.003
019   93.119    3.999
020   76.515    2.855
021   50.332    3.693
022   60.766    0.237
023   87.887    0.457
024   67.170   -1.647
025   51.506   -0.948
026    9.471    2.902
027   62.249   -3.474
028   79.465    2.033
029    2.812    2.137
030   90.927   -2.716
031   69.906    3.428
032    3.410    4.038
033   54.357    2.649
034   62.011    2.290
035   70.837    4.620
036   51.250   -4.262
037   57.860    1.414
038   65.744   -1.065
039   12.579   -2.172
040   15.966   -1.990
041   59.340    2.404
042   97.493    1.989
043   97.629   -2.768
044   90.776   -0.940
045   44.979   -3.308
046   35.429    4.933
047   88.199   -3.483
048   47.294    4.954
049   70.494    0.780
050   43.072   -0.212
051   44.658   -1.723
052   35.569    1.730
053   41.717    3.251
054   65.575   -4.895
055   73.389   -3.994
056   84.905    3.521
057   55.888   -1.959
058   33.223    1.812
059   79.642    3.798
060   69.511    4.374
061   74.650    0.822
062   97.305   -0.712
063   74.301    0.279
064   30.564    4.585
065   26.099   -3.185
066    5.383   -2.416
067   88.361   -2.466
068   91.596   -0.029
069   78.964    4.644
070   15.930   -4.618
071   44.081   -4.063
072   55.447    1.290
073   25.450   -4.757
074   75.667   -0.020
075   42.109    1.643
076   16.884   -4.789
077   10.900   -3.167
078   55.859   -1.275
079   58.989    0.021
080   94.374   -4.455
081   22.269    0.354
082   53.984   -0.166
083   70.674   -2.345
084   42.595    4.970
085   44.486    2.803
086   99.816    2.615
087   55.355    1.354
088   64.297   -2.778
089   46.774    4.658
090    2.013    2.044
091   71.512   -3.501
092   90.853    4.276
093   61.743    0.091
094   21.360    2.969
095   61.315   -2.121
096   66.584    2.217
097   32.006   -2.625
098   40.580   -4.399
099   36.430    2.110
100   63.378    3.579
101   82.682    2.927
102   30.529   -3.371
103   54.504    4.335
104   99.630    1.176
105   34.189   -4.538
106   74.109   -2.841
107   91.940   -0.154
108   41.618   -4.665
109   38.762   -1.985
110   10.944    0.487
111   98.933    2.011
112   74.385   -3.592
113    9.577   -3.427
114   89.528    4.029
115   69.344   -3.341
116    0.442   -1.008
117   34.590    1.114
118   74.811   -4.090
119   46.702    2.088
120   93.758   -3.033
