001   90.553    2.656
002   68.823    2.256
003   83.343    1.976
004   56.802   -4.728
005   86.548   -4.444
006   24.593   -2.413
007   63.657   -4.253
008   44.607   -1.696
009   21.023   -2.034
010   75.036   -3.384
011   95.465   -1.751
012   94.561    2.359
013   20.174    1.710
014   39.166   -0.863
015   92.785   -0.184
016   71.587   -4.296
017   68.831    1.830
018   31.899    1.077
019   87.595   -2.172
020   66.819    0.028
021   49.511   -0.536
022   52.553   -1.762
023   27.729   -0.006
024   47.289   -4.286
025   29.002   -3.352
026   25.884    2.390
027    3.087    0.477
028   42.225   -0.666
029    7.197   -3.208
030   93.102   -1.660
031   92.839   -2.089
032   21.411    2.545
033   37.076    1.802
034   29.996   -3.864
035   54.381    3.457
036   27.017    3.841
037   67.743    4.334
038   21.937   -0.659
039   16.385    0.777
040   41.796    1.366
041   60.144   -4.687
042   62.645   -3.897
043   27.672    4.885
044   84.494    3.011
045   10.077    3.780
046   28.979    0.316
047   71.684   -4.666
048   68.205   -0.464
049   80.033   -4.529
050   16.006   -4.591
051   37.455    2.791
052   65.078    3.576
053   53.921    1.960
054   63.449   -0.312
055   99.681   -0.186
056   76.779    1.792
057   28.610   -2.093
058    5.586   -4.128
059   68.260    2.422
060   67.663   -1.642
061   45.122   -0.800
062   51.094    0.319
063    7.817   -2.360
064   89.422   -0.440
065   91.729   -0.118
066    8.636    4.272
067   84.665    4.302
068   50.403   -3.446
069   26.264   -3.214
070   14.250    4.542
071    7.522    0.766
072   63.160    2.648
073   74.188   -3.629
074   52.442    1.746
075   51.606    1.108
076    2.794    0.502
077   92.274   -1.903
078   39.443   -1.855
079    4.024    0.933
080   73.153   -4.017
081    2.451   -0.463
082   26.859   -0.127
083   87.546    4.010
084   53.585   -2.377
085   49.612   -4.905
086   65.944   -1.895
087   23.972   -2.547
088   56.655    0.675
089    7.066    4.504
090   62.687    4.401
091   40.710    3.651
092   61.783    1.333
093   84.410   -0.756
094   21.099    2.639
095   38.300   -1.355
096   36.000    2.088
097   24.047   -4.721
098   43.197   -4.369
099   28.923    0.651
100   46.358    0.185
101   15.274   -0.161
102   58.495   -4.142
103   18.695   -3.327
104   42.599   -2.888
105   56.650   -1.342
106   13.251    0.295
107   48.203    1.034
108   25.583   -2.608
109   79.789    0.658
110   89.563   -0.765
111   67.794    1.364
112   60.003    1.106
113   69.519    4.848
114   37.328    3.683
115   85.495   -0.058
116   87.619    3.932
117   68.360   -3.582
118   32.464    1.263
119   59.224    0.853
120   25.364   -0.840
