001   77.736    1.698
002    9.914   -1.470
003   46.791    0.347
004   97.831   -3.697
005   67.124   -1.358
006   48.884   -2.970
007   66.620   -2.723
008   45.806   -4.593
009   97.429   -0.125
010   46.161    2.141
011   41.573    3.880
012    2.329    3.335
013   46.849    3.115
014   94.559    4.831
015   17.618    1.987
016   10.886   -3.397
017    9.286   -1.859
018    1.654    3.540
019   29.102    2.800
020   54.810   -3.057
021   29.204   -1.805
022   65.860   -2.685
023   61.943    3.953
024   86.943   -2.062
025   45.820   -0.150
026   28.039   -1.710
027   98.424   -4.881
028   14.290    1.520
029    7.499   -2.079
030   79.344    4.116
031   37.039   -2.947
032   88.008    1.326
033   50.351   -1.692
034   34.740   -2.076
035   76.540   -0.216
036   20.154    3.716
037   75.518    3.676
038   93.232   -2.583
039   89.245    2.660
040   41.468   -1.763
041   56.131    0.908
042   16.558   -0.138
043   94.902   -0.318
044   39.663    4.188
045   98.573    4.392
046    4.764    3.604
047   20.105   -1.564
048   88.253   -4.016
049   13.326   -2.323
050   20.931   -1.593
051   72.659    1.318
052   15.878    2.662
053   92.389    0.911
054   16.854   -0.113
055   71.833   -2.838
056   61.214    1.203
057   23.752   -3.560
058   77.221    0.306
059   43.869   -0.221
060   78.411    3.369
061   40.626    2.742
062    0.313    3.766
063    3.168    4.817
064   99.521    1.060
065   88.924    1.763
066    6.865    2.003
067   99.925    2.179
068   21.861   -0.779
069   86.621    2.946
070   21.412    3.207
071   33.856   -4.912
072   93.421    0.825
073   74.196   -3.604
074   54.514    4.236
075   15.048    4.719
076   62.052    2.252
077   69.161    2.640
078   19.611    1.028
079   23.597   -3.919
080   31.285    4.099
081   94.076   -0.146
082   61.650   -3.188
083   29.025    1.457
084   28.506    2.650
085   82.463   -0.500
086   40.524   -3.304
087   22.611    3.258
088   26.026   -4.242
089   73.764    3.051
090   85.649    2.551
091   14.516   -0.213
092   43.883    0.077
093   70.423    1.883
094   70.580    4.445
095   80.382    2.741
096   42.461    3.334
097   96.637    1.803
098    8.824    1.627
099   51.591   -2.859
100   37.357    2.792
101   66.605   -0.896
102   69.627    2.412
103   44.717    4.004
104   44.797   -3.109
105   86.531    2.508
106   71.246    3.023
107   81.649   -4.403
108   26.452    2.604
109    2.992    2.521
110   23.392    4.769
111   50.058    4.746
112   29.461    4.658
113   31.213   -4.241
114   49.408   -0.637
115   35.966   -3.742
116   87.727   -2.923
117   42.508   -0.844
118    4.382    1.576
119   22.105   -1.505
120   54.144   -0.652
