001   18.019   -0.126
002    7.759    0.226
003   91.964    3.763
004   50.297    3.160
005   80.591   -2.859
006    8.806   -2.967
007   58.374    1.737
008   16.080    2.465
009   57.067   -0.362
010   51.071   -3.656
011   59.558    4.706
012   13.803    1.915
013   45.711    2.771
014   42.889    2.873
015   45.358   -2.001
016   26.786   -0.862
017   89.558   -1.610
018   44.392   -2.337
019   19.121    3.422
020   12.934    0.457
021   68.897   -1.867
022   78.135    2.477
023   69.434   -4.897
024   75.815    3.366
025   89.653   -0.750
026   29.727   -3.108
027   72.432    3.520
028   10.179    0.250
029   36.905   -3.575
030   91.166    0.432
031   42.039    3.164
032   85.892    2.596
033   88.524   -3.599
034   71.531   -0.966
035   32.464    1.105
036   94.367   -2.746
037   22.793   -1.798
038   94.717   -4.348
039   53.184   -4.395
040    5.683   -4.447
041    8.041   -0.459
042   53.982    4.620
043   44.437   -0.057
044   30.116   -4.624
045   32.503    1.923
046   85.232   -4.551
047   92.340    1.606
048   20.938    1.401
049   51.016   -4.632
050   83.043   -1.717
051   87.111    3.300
052   47.718   -4.589
053   23.131   -4.912
054   74.329   -3.696
055   77.921    4.297
056   90.560   -4.083
057   22.037   -2.681
058   66.027   -4.651
059    9.020   -1.182
060   78.782    0.973
061   13.909   -0.522
062   55.770   -4.863
063   35.921   -1.682
064   62.966    3.024
065   11.492   -2.191
066   69.264    3.340
067   51.074   -2.157
068    3.688   -3.245
069   28.134   -0.025
070    4.561   -0.780
071   30.361   -1.453
072   71.848    3.757
073   53.143    1.604
074    1.330   -0.227
075   28.131   -4.557
076   90.294   -0.772
077   36.937   -4.242
078   24.487   -1.758
079   66.571    0.838
080   59.289   -2.348
081   83.283    3.003
082   29.034   -3.845
083   71.831   -3.441
084   77.326   -3.554
085   54.701   -0.234
086   79.802   -4.946
087   65.813   -2.674
088   21.300   -1.842
089   46.276   -3.717
090   86.669   -1.035
091   21.119   -1.167
092   68.625   -4.472
093   28.658   -2.062
094   95.061    0.461
095   44.326    4.286
096   11.049   -1.320
097   76.391    0.493
098   73.175    4.655
099   15.112    3.306
100   72.070    1.079
101    7.997    3.139
102   82.100   -1.510
103   76.354   -0.364
104   83.814    0.924
105   12.652    4.486
106   43.245    2.554
107   42.215    3.010
108   59.543    0.541
109   67.747    2.376
110   94.949   -1.915
111   13.962   -2.893
112   76.447   -4.534
113   45.643    4.273
114   30.518   -2.099
115    8.002    4.726
116   35.827    0.344
117    1.064   -2.446
118    9.591   -0.279
119   72.495    3.360
120   34.456   -0.499
