001   67.101    3.566
002   24.698   -4.168
003   43.425   -3.357
004   43.675    2.288
005   20.432    3.340
006   50.989    0.054
007   99.668    0.756
008   14.614   -0.224
009   77.054   -1.317
010    7.639    0.275
011   55.210   -2.146
012   70.696   -3.517
013   50.534    4.096
014   99.853    2.873
015   99.895    2.341
016   19.079   -0.667
017   70.024   -4.832
018   85.801    4.263
019    2.807    0.413
020   60.431    0.689
021    5.267    3.690
022   22.839   -4.371
023   68.009    0.689
024   23.811    0.291
025   20.407   -3.599
026   95.337   -4.110
027   48.060    4.659
028    3.984   -3.205
029   62.468    2.302
030   85.055    3.725
031    2.500   -4.538
032   62.164   -3.863
033   86.629    4.757
034   83.111    3.959
035    5.021    4.407
036   48.538   -0.582
037   91.072   -4.640
038   72.938   -3.928
039    0.001    1.735
040    8.750    4.602
041   54.176    1.365
042    1.875   -0.491
043    2.249   -2.592
044   21.289    1.332
045   79.289    4.361
046   31.770    0.401
047   26.658   -0.078
048    1.417   -0.546
049   62.995    1.293
050   43.318   -3.301
051   23.905   -0.215
052   89.984   -3.647
053   59.653   -2.546
054   81.741   -2.771
055   95.125   -2.638
056   70.303    0.175
057   41.704    3.927
058   58.487    0.567
059   64.112   -1.183
060   13.369    3.891
061   72.736   -0.106
062    1.296    3.560
063   38.351    2.182
064    6.966    0.456
065   82.674   -3.964
066    4.484    3.908
067   79.212   -1.222
068    8.584   -0.385
069   40.688   -4.007
070   30.261    0.121
071   28.696    4.047
072   40.083    1.840
073   17.587    0.177
074   26.618   -4.156
075   22.689   -3.739
076   75.316   -4.070
077   44.295    0.840
078   49.757   -0.755
079   68.405    1.043
080   16.076    3.733
081    7.408    2.465
082   53.234    4.275
083   49.458   -1.866
084   20.327    2.751
085   54.651   -2.530
086   99.489   -1.946
087   61.229   -1.991
088   67.341   -0.012
089    1.170   -2.742
090   79.264   -0.851
091   31.650    0.264
092   65.191   -4.194
093   13.687   -2.827
094   26.525   -2.313
095   15.235    4.309
096   97.601    4.714
097    2.133   -3.634
098   81.741    2.393
099   79.160    4.731
100   22.172    0.694
101   15.316   -2.063
102   19.115   -2.468
103   64.472    4.576
104   10.139    4.520
105   19.339   -3.727
106   99.164   -4.456
107   23.539    1.064
108   62.023    0.781
109   18.061   -1.936
110   25.690    1.013
111   94.780   -2.050
112   65.975   -2.477
113   98.515    0.228
114   52.702    1.017
115   45.495   -1.785
116   69.354   -1.345
117   69.716    4.940
118   80.828    0.043
119   97.480    0.861
120   41.119    0.542
