001   85.594    3.005
002   59.384    3.870
003   74.156    3.098
004   22.473    4.762
005   63.390    0.580
006   44.635   -2.166
007   90.199   -4.673
008   43.628   -3.115
009   92.501    4.012
010   12.109    4.174
011   63.360    3.916
012   94.275    1.474
013   29.440   -2.722
014    2.673    0.709
015    9.143    4.729
016    4.914    3.163
017   12.136   -1.065
018   76.126   -2.330
019    3.233   -2.293
020   87.056    3.810
021   18.410   -2.984
022   51.649   -0.044
023   60.773    4.001
024   78.411   -0.194
025   11.478   -4.298
026   31.875   -4.927
027   52.054    1.251
028   25.056    1.159
029   38.709   -2.819
030   87.350   -2.128
031    9.639    2.549
032   68.517   -4.488
033   17.887    1.093
034   24.984   -1.318
035    5.877   -3.774
036   45.916   -0.991
037   46.505   -2.868
038   62.473   -2.147
039   63.484    3.320
040   83.954   -4.804
041   54.140   -2.281
042   44.817   -2.362
043   33.495    0.175
044   68.660   -3.745
045    2.273    2.309
046   23.090   -1.900
047   69.854    2.197
048   44.085   -0.088
049    5.376   -1.076
050   67.491    2.317
051   17.977    1.910
052   12.900   -4.160
053   48.713    3.918
054   55.427   -4.801
055   60.780    0.661
056   50.106    3.672
057   19.941   -0.010
058   38.131    4.181
059   12.509   -2.586
060   34.116   -3.347
061   98.559    0.253
062    1.396   -2.580
063   11.607   -2.849
064   19.104    2.201
065    4.041   -2.959
066    5.911    4.408
067   36.132   -3.718
068    5.695    2.884
069   83.139    2.674
070   91.285   -1.847
071   19.991   -1.978
072   11.626   -3.178
073   43.896   -4.576
074   45.240    4.444
075   30.293   -1.658
076   26.499    4.126
077   52.822    2.812
078   17.010    4.748
079   82.191    2.447
080   65.093    4.239
081   19.635    2.403
082   51.310   -3.774
083    2.720   -1.558
084   69.629    1.109
085   20.459   -4.614
086   79.793   -1.075
087   89.327   -1.019
088   61.223    1.982
089    1.863   -0.760
090   16.615    1.202
091    2.038   -3.070
092   61.933    3.401
093   47.000   -2.596
094   45.165   -2.175
095   71.279    1.571
096   59.006   -2.064
097   38.848    1.094
098   83.334    3.855
099   48.017    1.586
100   83.567   -2.298
101   71.386    2.671
102   12.171   -0.782
103    4.093    3.231
104   33.240    0.314
105   42.589    2.888
106   41.916    3.457
107    8.684   -2.721
108   33.364   -4.558
109   18.785    1.200
110   10.426   -0.131
111   83.457    3.470
112   98.897   -0.122
113   16.537   -2.722
114   80.281   -4.397
115   17.855   -1.668
116   49.719    0.232
117   27.800    3.670
118   56.740   -4.808
119    1.014   -0.600
120   29.923    3.184
