001   52.095   -0.787
002   22.095   -3.697
003   48.396    1.261
004   62.112    2.073
005   43.540   -4.519
006   22.548    2.885
007   42.109    0.652
008   67.640    2.568
009   16.251   -0.338
010   65.266    4.348
011   28.094    4.005
012   84.884    0.245
013   57.865    4.356
014   44.016   -2.106
015   79.738   -3.987
016   71.873    1.450
017   39.127    4.393
018   60.924   -3.452
019   41.680    4.543
020    8.512    3.102
021   54.905    2.974
022   92.125   -4.160
023   42.711   -0.173
024   49.262    3.381
025    6.168   -3.200
026   75.120    3.202
027   94.823   -4.081
028   82.752   -4.898
029   79.152   -2.691
030   91.764    1.337
031   47.225   -3.431
032   89.046   -1.066
033   94.375   -4.729
034   43.035   -4.601
035   27.475    4.565
036   33.599   -4.540
037   37.549    2.101
038   71.955    3.189
039   11.660    0.117
040   42.264   -0.769
041   59.760   -3.996
042   86.613    3.262
043   58.841   -1.975
044    3.130    0.758
045   95.453    4.650
046   84.137    4.663
047   70.386   -1.973
048   75.628    2.368
049   66.831    3.017
050   84.223    4.230
051   40.108    4.044
052    8.432    2.191
053   63.833   -1.869
054   53.604   -1.206
055   77.084    1.186
056   66.275    3.232
057   22.629   -4.218
058   88.943    3.313
059   23.294   -3.311
060   81.093   -3.220
061   39.758   -2.388
062   17.021    1.015
063   76.845   -0.644
064   66.805   -2.055
065   21.322    0.247
066   10.109    4.509
067   23.808    3.372
068   39.547    0.661
069   26.649   -2.567
070   43.381   -0.360
071    0.266    1.803
072   31.315    1.731
073   77.803    4.354
074   47.660   -1.613
075   12.839    0.790
076   42.781   -0.359
077   40.658   -3.285
078   43.820   -3.739
079   97.603   -4.812
080   31.970   -1.913
081   16.855    0.686
082   22.201   -4.971
083   14.693   -0.491
084   34.888   -4.618
085   20.050   -4.365
086   85.064   -1.347
087   85.135    2.523
088   27.603    2.004
089   50.793    1.418
090   94.035   -1.939
091   64.845   -2.248
092   30.250   -1.149
093   95.377    4.727
094   66.368    4.305
095   22.235    0.095
096   96.762   -2.627
097   59.877   -1.149
098   20.909   -3.925
099    6.047    0.957
100    7.991    4.436
101   25.561    2.645
102   52.085    4.530
103   18.300    4.010
104   77.966    3.857
105   61.043   -2.484
106   42.517   -4.712
107    6.370    2.042
108    3.061   -0.508
109    5.413    2.087
110   73.467   -2.986
111   12.168   -4.977
112   47.240   -4.587
113   14.503   -1.731
114   89.547    1.917
115   85.071    3.444
116   12.198    0.023
117   85.536   -4.601
118   78.911    2.113
119   65.366    2.215
120   48.855    3.375
