001   51.982    4.584
002   34.030    2.082
003   92.522   -4.497
004   66.133    3.271
005   87.350    0.913
006   11.265   -1.552
007    1.138    2.910
008   32.780   -2.778
009   14.677   -4.594
010   14.328   -3.965
011   23.001   -1.501
012   86.675   -3.524
013   22.391   -2.513
014   23.001    3.293
015   43.896   -0.503
016   34.120    4.005
017   43.963   -0.425
018   56.392    1.727
019   65.970    4.102
020   57.669   -0.845
021   35.758    0.416
022   24.141   -3.563
023    5.948   -0.002
024   31.861    2.700
025   48.539   -0.372
026   53.763    4.085
027   88.946    2.296
028   10.156    2.757
029   26.467   -4.148
030    5.299   -3.426
031   43.189    1.332
032   24.439    3.990
033   51.913    1.810
034   16.547    2.629
035   31.419   -0.881
036    2.241    1.263
037   69.464    0.538
038   14.354   -1.172
039   20.551    3.424
040   33.056    4.503
041   73.366    2.328
042   58.332   -2.363
043   70.385    4.860
044   34.276    2.311
045   24.181    3.057
046   24.773    2.144
047   81.438   -1.002
048    1.275    1.191
049   16.722   -0.720
050   20.116   -2.640
051   69.439   -0.226
052   15.637   -4.568
053   91.497    0.215
054   69.080    2.938
055   95.851   -3.530
056    9.212    2.206
057   80.821    4.392
058   80.702    2.832
059   59.980   -1.521
060   89.790    1.779
061   28.712   -3.850
062   93.738   -3.191
063   27.453    4.753
064   60.805    0.951
065   44.614   -1.767
066   77.821   -4.545
067   40.969    4.864
068   10.724   -0.955
069   50.975   -1.996
070    3.462   -3.479
071    4.828    3.860
072   30.145    0.014
073   77.192   -3.155
074   26.639   -2.151
075   12.775    3.501
076   13.772    3.138
077   18.380   -1.373
078   97.290    0.754
079   97.235   -4.497
080   71.395    1.708
081   24.648    0.211
082   66.379   -2.505
083   89.832   -4.821
084   21.034   -2.334
085   31.031   -1.018
086   49.288   -3.315
087   13.175   -2.948
088    5.370   -0.170
089   68.064   -0.468
090   86.163    0.953
091   44.397   -3.563
092   73.428    1.626
093    2.596   -0.657
094   24.572   -2.881
095   17.672    1.641
096    1.905   -3.320
097    5.426   -0.766
098   49.305    1.863
099   55.206   -1.864
100   52.999    3.853
101   66.119   -3.811
102   29.203   -0.503
103   76.045    0.584
104    9.124    2.447
105   95.231   -3.370
106   37.797   -4.554
107   20.467   -0.668
108   89.360   -0.844
109    4.838   -3.723
110   31.859   -2.717
111   17.030    2.412
112   61.362    1.461
113   64.670    3.553
114    1.099    2.330
115   48.397   -0.438
116   19.388   -2.654
117   84.381   -0.642
118   80.237    1.996
119   20.154    2.310
120   56.515    2.395
