001   42.112    4.761
002   61.328    1.930
003   50.886   -3.122
004   83.012    3.449
005   20.963    1.505
006   70.033    2.150
007   80.911    3.452
008   36.958    0.056
009   72.061   -3.568
010    2.670   -3.466
011   83.634   -1.754
012   30.292   -3.821
013   12.095    4.681
014    5.052    4.837
015   55.227   -2.526
016    1.593    3.817
017   38.970    4.484
018    5.851    2.975
019   66.091    3.088
020   49.107    2.184
021   44.010   -2.649
022   13.179   -0.276
023   73.649   -4.795
024   15.372    4.186
025   53.273    0.544
026   60.694   -3.520
027   44.043   -1.105
028   72.099   -0.101
029   65.593    4.189
030   48.657    2.972
031   56.392    4.610
032   47.645   -2.512
033   94.902    2.422
034   14.336   -1.412
035   49.338   -4.461
036   21.816   -3.896
037   11.020   -4.168
038   85.484    3.380
039   49.692   -1.617
040   88.473    2.727
041   43.786   -1.364
042   99.931   -4.886
043   68.388    0.778
044   27.957    0.251
045   19.595    1.934
046   67.388    1.869
047   60.484   -4.618
048    0.760    2.495
049   99.590    1.753
050   96.296    3.828
051   43.345    0.838
052   94.905   -4.687
053   21.371    3.124
054   97.173   -3.934
055   55.313    4.516
056   72.519    3.607
057   24.117   -1.119
058   74.555   -2.520
059   33.734    4.079
060   90.365    0.349
061   62.548    3.862
062    1.093   -3.106
063   31.538    3.349
064   88.978    0.223
065   81.461   -4.833
066   53.633   -0.492
067   66.860   -3.969
068   22.392   -2.315
069   61.649   -2.622
070   40.937    0.698
071   61.491    4.788
072   30.232   -4.688
073   92.245    1.238
074   85.072   -0.587
075   60.957   -2.587
076   76.831    1.453
077   46.444    0.979
078   51.852   -3.941
079   37.360   -1.552
080   88.285    0.063
081    9.847   -1.895
082    9.588   -3.694
083   62.941   -0.496
084   56.274   -3.629
085   48.502    4.955
086   89.553    1.866
087   94.561   -3.178
088   25.995    2.363
089   94.014   -4.424
090   73.346    2.327
091   49.719   -3.101
092   68.236    4.299
093   96.788   -1.920
094   58.054    0.497
095   83.630   -2.032
096   29.035   -4.716
097   21.625    2.775
098   85.738    4.919
099    5.127   -2.050
100   58.831   -4.108
101   57.415    2.090
102   56.493    0.093
103   39.714    0.473
104   93.675   -1.357
105   46.946    3.225
106   46.320   -4.660
107    1.532   -3.424
108   84.936    3.779
109   40.759   -1.122
110   99.524   -1.797
111   17.730   -2.968
112   19.732   -2.194
113   48.579    0.716
114   76.510   -3.692
115   81.851   -3.020
116   55.954    4.935
117   41.271    2.640
118   58.643   -2.994
119   56.779   -4.199
120   81.988    4.031
